00001100
00111100
01101100
11001100
00001100
00001100
00001100
00001100

00111100
11000011
11000011
00000011
00001100
00110000
11000000
11111111

00111100
11000011
00000011
00001100
00000011
00000011
11000011
00111100

00110011
01100011
11000011
11000011
11111111
00000011
00000011
00000011

11111111
11000000
11000000
00111100
00000011
00000011
11000011
00111100

00111100
11000011
11000000
11111100
11000011
11000011
11000011
00111100

11111111
00000011
00000110
00001100
00011000
00110000
01100000
11000000

00111100
11000011
11000011
00111100
11000011
11000011
11000011
00111100

00111100
11000011
11000011
11000011
00111111
00000011
11000011
00111100

00111100
11000011
11000011
11000011
11000011
11000011
11000011
00111100

00111100
00111100
00111100
11111111
11111111
00111100
00111100
00111100

00000000
00000000
00000000
11111111
11111111
00000000
00000000
00000000

00000000
00000000
00000000
00000000
00000000
00000000
00000000
00000000

00000000
00000000
00000000
00000000
00000000
00000000
00000000
00000000

00000000
00000000
00000000
00000000
00000000
00000000
00000000
00000000

00000000
00000000
00000000
00000000
00000000
00000000
00000000
00000000